//                    [y][x][u+v*8]
const f32 IDCT_Weights[8][8][64] = {
    {
        // (y,x)=(0,0)
        {
             1.00000000000000000000000000000000,     0.98078528040323043057924223830923,     0.92387953251128673848313610506011,     0.83146961230254523567140267914510,     0.70710678118654757273731092936941,     0.55557023301960228867102387084742,     0.38268343236508983729038391174981,     0.19509032201612833135051516819658,
             0.98078528040323043057924223830923,     0.96193976625564336924156805253006,     0.90612744635288777761417122746934,     0.81549315684891710009907228595694,     0.69351992266107376217121327499626,     0.54489510677581864950269618930179,     0.37533027751786529613298171170754,     0.19134171618254494640076757150382,
             0.92387953251128673848313610506011,     0.90612744635288777761417122746934,     0.85355339059327373085750423342688,     0.76817775671141630411398182332050,     0.65328148243818828788676000840496,     0.51327996715933676963317111585638,     0.35355339059327384187980669594253,     0.18023995550173702029361777476879,
             0.83146961230254523567140267914510,     0.81549315684891710009907228595694,     0.76817775671141630411398182332050,     0.69134171618254491864519195587491,     0.58793780120967942259824212669628,     0.46193976625564342475271928378788,     0.31818964514320852154938279454655,     0.16221167441072892323461474006763,
             0.70710678118654757273731092936941,     0.69351992266107376217121327499626,     0.65328148243818828788676000840496,     0.58793780120967942259824212669628,     0.50000000000000011102230246251565,     0.39284747919355117451445380538644,     0.27059805007309856161867855917080,     0.13794968964147155676691625103558,
             0.55557023301960228867102387084742,     0.54489510677581864950269618930179,     0.51327996715933676963317111585638,     0.46193976625564342475271928378788,     0.39284747919355117451445380538644,     0.30865828381745519237711050664075,     0.21260752369181418197641164624656,     0.10838637566236966613963943473209,
             0.38268343236508983729038391174981,     0.37533027751786529613298171170754,     0.35355339059327384187980669594253,     0.31818964514320852154938279454655,     0.27059805007309856161867855917080,     0.21260752369181418197641164624656,     0.14644660940672629689807138220203,     0.07465783405034263908728320302544,
             0.19509032201612833135051516819658,     0.19134171618254494640076757150382,     0.18023995550173702029361777476879,     0.16221167441072892323461474006763,     0.13794968964147155676691625103558,     0.10838637566236966613963943473209,     0.07465783405034263908728320302544,     0.03806023374435664463621975528440,
    },
        // (y,x)=(0,1)
        {
             1.00000000000000000000000000000000,     0.83146961230254523567140267914510,     0.38268343236508983729038391174981,    -0.19509032201612819257263709005201,    -0.70710678118654746171500846685376,    -0.98078528040323043057924223830923,    -0.92387953251128684950543856757577,    -0.55557023301960217764872140833177,
             0.98078528040323043057924223830923,     0.81549315684891710009907228595694,     0.37533027751786529613298171170754,    -0.19134171618254480762288949335925,    -0.69351992266107365114891081248061,    -0.96193976625564336924156805253006,    -0.90612744635288788863647368998500,    -0.54489510677581853848039372678613,
             0.92387953251128673848313610506011,     0.76817775671141630411398182332050,     0.35355339059327384187980669594253,    -0.18023995550173690927131531225314,    -0.65328148243818817686445754588931,    -0.90612744635288777761417122746934,    -0.85355339059327384187980669594253,    -0.51327996715933665861086865334073,
             0.83146961230254523567140267914510,     0.69134171618254491864519195587491,     0.31818964514320852154938279454655,    -0.16221167441072881221231227755197,    -0.58793780120967931157593966418062,    -0.81549315684891710009907228595694,    -0.76817775671141641513628428583615,    -0.46193976625564331373041682127223,
             0.70710678118654757273731092936941,     0.58793780120967942259824212669628,     0.27059805007309856161867855917080,    -0.13794968964147147350018940414884,    -0.50000000000000000000000000000000,    -0.69351992266107376217121327499626,    -0.65328148243818839890906247092062,    -0.39284747919355106349215134287078,
             0.55557023301960228867102387084742,     0.46193976625564342475271928378788,     0.21260752369181418197641164624656,    -0.10838637566236958287291258784535,    -0.39284747919355111900330257412861,    -0.54489510677581864950269618930179,    -0.51327996715933688065547357837204,    -0.30865828381745513686595927538292,
             0.38268343236508983729038391174981,     0.31818964514320852154938279454655,     0.14644660940672629689807138220203,    -0.07465783405034258357613197176761,    -0.27059805007309850610752732791298,    -0.37533027751786529613298171170754,    -0.35355339059327384187980669594253,    -0.21260752369181412646526041498873,
             0.19509032201612833135051516819658,     0.16221167441072892323461474006763,     0.07465783405034263908728320302544,    -0.03806023374435661688064413965549,    -0.13794968964147152901134063540667,    -0.19134171618254494640076757150382,    -0.18023995550173704804919339039770,    -0.10838637566236963838406381910318,
    },
        // (y,x)=(0,2)
        {
             1.00000000000000000000000000000000,     0.55557023301960228867102387084742,    -0.38268343236508972626808144923416,    -0.98078528040323043057924223830923,    -0.70710678118654768375961339188507,     0.19509032201612830359493955256767,     0.92387953251128651643853118002880,     0.83146961230254545771600760417641,
             0.98078528040323043057924223830923,     0.54489510677581864950269618930179,    -0.37533027751786518511067924919189,    -0.96193976625564336924156805253006,    -0.69351992266107387319351573751192,     0.19134171618254491864519195587491,     0.90612744635288755556956630243803,     0.81549315684891732214367721098824,
             0.92387953251128673848313610506011,     0.51327996715933676963317111585638,    -0.35355339059327373085750423342688,    -0.90612744635288777761417122746934,    -0.65328148243818839890906247092062,     0.18023995550173702029361777476879,     0.85355339059327350881289930839557,     0.76817775671141652615858674835181,
             0.83146961230254523567140267914510,     0.46193976625564342475271928378788,    -0.31818964514320846603823156328872,    -0.81549315684891710009907228595694,    -0.58793780120967953362054458921193,     0.16221167441072889547903912443871,     0.76817775671141608206937689828919,     0.69134171618254502966749441839056,
             0.70710678118654757273731092936941,     0.39284747919355117451445380538644,    -0.27059805007309850610752732791298,    -0.69351992266107376217121327499626,    -0.50000000000000011102230246251565,     0.13794968964147152901134063540667,     0.65328148243818817686445754588931,     0.58793780120967953362054458921193,
             0.55557023301960228867102387084742,     0.30865828381745519237711050664075,    -0.21260752369181409870968479935982,    -0.54489510677581864950269618930179,    -0.39284747919355123002560503664427,     0.10838637566236965226185162691763,     0.51327996715933665861086865334073,     0.46193976625564353577502174630354,
             0.38268343236508983729038391174981,     0.21260752369181418197641164624656,    -0.14644660940672624138692015094421,    -0.37533027751786529613298171170754,    -0.27059805007309861712982979042863,     0.07465783405034263908728320302544,     0.35355339059327373085750423342688,     0.31818964514320863257168525706220,
             0.19509032201612833135051516819658,     0.10838637566236966613963943473209,    -0.07465783405034262520949539521098,    -0.19134171618254494640076757150382,    -0.13794968964147158452249186666450,     0.03806023374435664463621975528440,     0.18023995550173699253804215913988,     0.16221167441072897874576597132545,
    },
        // (y,x)=(0,3)
        {
             1.00000000000000000000000000000000,     0.19509032201612833135051516819658,    -0.92387953251128673848313610506011,    -0.55557023301960217764872140833177,     0.70710678118654735069270600433811,     0.83146961230254545771600760417641,    -0.38268343236508989280153514300764,    -0.98078528040323065262384716334054,
             0.98078528040323043057924223830923,     0.19134171618254494640076757150382,    -0.90612744635288777761417122746934,    -0.54489510677581853848039372678613,     0.69351992266107354012660834996495,     0.81549315684891732214367721098824,    -0.37533027751786535164413294296537,    -0.96193976625564359128617297756136,
             0.92387953251128673848313610506011,     0.18023995550173702029361777476879,    -0.85355339059327373085750423342688,    -0.51327996715933665861086865334073,     0.65328148243818806584215508337365,     0.76817775671141652615858674835181,    -0.35355339059327384187980669594253,    -0.90612744635288799965877615250065,
             0.83146961230254523567140267914510,     0.16221167441072892323461474006763,    -0.76817775671141630411398182332050,    -0.46193976625564331373041682127223,     0.58793780120967920055363720166497,     0.69134171618254502966749441839056,    -0.31818964514320857706053402580437,    -0.81549315684891732214367721098824,
             0.70710678118654757273731092936941,     0.13794968964147155676691625103558,    -0.65328148243818828788676000840496,    -0.39284747919355106349215134287078,     0.49999999999999988897769753748435,     0.58793780120967953362054458921193,    -0.27059805007309861712982979042863,    -0.69351992266107387319351573751192,
             0.55557023301960228867102387084742,     0.10838637566236966613963943473209,    -0.51327996715933676963317111585638,    -0.30865828381745513686595927538292,     0.39284747919355106349215134287078,     0.46193976625564353577502174630354,    -0.21260752369181420973198726187547,    -0.54489510677581887154730111433310,
             0.38268343236508983729038391174981,     0.07465783405034263908728320302544,    -0.35355339059327384187980669594253,    -0.21260752369181412646526041498873,     0.27059805007309845059637609665515,     0.31818964514320863257168525706220,    -0.14644660940672629689807138220203,    -0.37533027751786540715528417422320,
             0.19509032201612833135051516819658,     0.03806023374435664463621975528440,    -0.18023995550173702029361777476879,    -0.10838637566236963838406381910318,     0.13794968964147152901134063540667,     0.16221167441072897874576597132545,    -0.07465783405034265296507101083989,    -0.19134171618254497415634318713273,
    },
        // (y,x)=(0,4)
        {
             1.00000000000000000000000000000000,    -0.19509032201612819257263709005201,    -0.92387953251128684950543856757577,     0.55557023301960184458181402078480,     0.70710678118654768375961339188507,    -0.83146961230254512464910021662945,    -0.38268343236509055893534991810156,     0.98078528040323043057924223830923,
             0.98078528040323043057924223830923,    -0.19134171618254480762288949335925,    -0.90612744635288788863647368998500,     0.54489510677581831643578880175482,     0.69351992266107387319351573751192,    -0.81549315684891698907676982344128,    -0.37533027751786601777794771805929,     0.96193976625564336924156805253006,
             0.92387953251128673848313610506011,    -0.18023995550173690927131531225314,    -0.85355339059327384187980669594253,     0.51327996715933643656626372830942,     0.65328148243818839890906247092062,    -0.76817775671141619309167936080485,    -0.35355339059327450801362147103646,     0.90612744635288777761417122746934,
             0.83146961230254523567140267914510,    -0.16221167441072881221231227755197,    -0.76817775671141641513628428583615,     0.46193976625564303617466066498309,     0.58793780120967953362054458921193,    -0.69134171618254480762288949335925,    -0.31818964514320913217204633838264,     0.81549315684891710009907228595694,
             0.70710678118654757273731092936941,    -0.13794968964147147350018940414884,    -0.65328148243818839890906247092062,     0.39284747919355084144754641783948,     0.50000000000000011102230246251565,    -0.58793780120967931157593966418062,    -0.27059805007309906121903964049125,     0.69351992266107376217121327499626,
             0.55557023301960228867102387084742,    -0.10838637566236958287291258784535,    -0.51327996715933688065547357837204,     0.30865828381745491482135435035161,     0.39284747919355123002560503664427,    -0.46193976625564336924156805253006,    -0.21260752369181457055447026505135,     0.54489510677581864950269618930179,
             0.38268343236508983729038391174981,    -0.07465783405034258357613197176761,    -0.35355339059327384187980669594253,     0.21260752369181401544295795247308,     0.27059805007309861712982979042863,    -0.31818964514320852154938279454655,    -0.14644660940672657445382753849117,     0.37533027751786529613298171170754,
             0.19509032201612833135051516819658,    -0.03806023374435661688064413965549,    -0.18023995550173704804919339039770,     0.10838637566236958287291258784535,     0.13794968964147158452249186666450,    -0.16221167441072889547903912443871,    -0.07465783405034277786516128117000,     0.19134171618254494640076757150382,
    },
        // (y,x)=(0,5)
        {
             1.00000000000000000000000000000000,    -0.55557023301960195560411648330046,    -0.38268343236509033689074499307026,     0.98078528040323043057924223830923,    -0.70710678118654668455889122924418,    -0.19509032201612802603918339627853,     0.92387953251128673848313610506011,    -0.83146961230254501362679775411380,
             0.98078528040323043057924223830923,    -0.54489510677581842745809126427048,    -0.37533027751786579573334279302799,     0.96193976625564336924156805253006,    -0.69351992266107287399279357487103,    -0.19134171618254464108943579958577,     0.90612744635288777761417122746934,    -0.81549315684891687805446736092563,
             0.92387953251128673848313610506011,    -0.51327996715933654758856619082508,    -0.35355339059327428596901654600515,     0.90612744635288777761417122746934,    -0.65328148243818751073064277079538,    -0.18023995550173674273786161847966,     0.85355339059327373085750423342688,    -0.76817775671141608206937689828919,
             0.83146961230254523567140267914510,    -0.46193976625564314719696312749875,    -0.31818964514320896563859264460916,     0.81549315684891710009907228595694,    -0.58793780120967864544212488908670,    -0.16221167441072867343443419940741,     0.76817775671141630411398182332050,    -0.69134171618254469660058703084360,
             0.70710678118654757273731092936941,    -0.39284747919355095246984888035513,    -0.27059805007309889468558594671777,     0.69351992266107376217121327499626,    -0.49999999999999944488848768742173,    -0.13794968964147133472231132600427,     0.65328148243818828788676000840496,    -0.58793780120967920055363720166497,
             0.55557023301960228867102387084742,    -0.30865828381745502584365681286727,    -0.21260752369181445953216780253570,     0.54489510677581864950269618930179,    -0.39284747919355067491409272406599,    -0.10838637566236949960618574095861,     0.51327996715933676963317111585638,    -0.46193976625564331373041682127223,
             0.38268343236508983729038391174981,    -0.21260752369181404319853356810199,    -0.14644660940672649118710069160443,     0.37533027751786529613298171170754,    -0.27059805007309822855177117162384,    -0.07465783405034252806498074050978,     0.35355339059327384187980669594253,    -0.31818964514320846603823156328872,
             0.19509032201612833135051516819658,    -0.10838637566236959675070039565981,    -0.07465783405034273623179785772663,     0.19134171618254494640076757150382,    -0.13794968964147139023346255726210,    -0.03806023374435658912506852402657,     0.18023995550173702029361777476879,    -0.16221167441072889547903912443871,
    },
        // (y,x)=(0,6)
        {
             1.00000000000000000000000000000000,    -0.83146961230254534669370514166076,     0.38268343236509000382383760552329,     0.19509032201612877543972501825920,    -0.70710678118654712864810107930680,     0.98078528040323065262384716334054,    -0.92387953251128640541622871751315,     0.55557023301960151151490663323784,
             0.98078528040323043057924223830923,    -0.81549315684891721112137474847259,     0.37533027751786546266643540548102,     0.19134171618254539048997742156644,    -0.69351992266107331808200342493365,     0.96193976625564359128617297756136,    -0.90612744635288744454726383992238,     0.54489510677581798336888141420786,
             0.92387953251128673848313610506011,    -0.76817775671141641513628428583615,     0.35355339059327395290210915845819,     0.18023995550173743662725200920249,    -0.65328148243818784379755015834235,     0.90612744635288799965877615250065,    -0.85355339059327339779059684587992,     0.51327996715933610349935634076246,
             0.83146961230254523567140267914510,    -0.69134171618254502966749441839056,     0.31818964514320868808283648832003,     0.16221167441072931181267335887242,    -0.58793780120967897850903227663366,     0.81549315684891732214367721098824,    -0.76817775671141608206937689828919,     0.46193976625564275861890450869396,
             0.70710678118654757273731092936941,    -0.58793780120967942259824212669628,     0.27059805007309867264098102168646,     0.13794968964147186207824802295363,    -0.49999999999999977795539507496869,     0.69351992266107387319351573751192,    -0.65328148243818806584215508337365,     0.39284747919355061940294149280817,
             0.55557023301960228867102387084742,    -0.46193976625564348026387051504571,     0.21260752369181426524313849313330,     0.10838637566236991593981997539231,    -0.39284747919355089695869764909730,     0.54489510677581887154730111433310,    -0.51327996715933665861086865334073,     0.30865828381745474828790065657813,
             0.38268343236508983729038391174981,    -0.31818964514320857706053402580437,     0.14644660940672635240922261345986,     0.07465783405034281949852470461337,    -0.27059805007309839508522486539732,     0.37533027751786540715528417422320,    -0.35355339059327367534635300216905,     0.21260752369181387666507987432851,
             0.19509032201612833135051516819658,    -0.16221167441072895099019035569654,     0.07465783405034268072064662646881,     0.03806023374435673484184050607837,    -0.13794968964147147350018940414884,     0.19134171618254497415634318713273,    -0.18023995550173696478246654351096,     0.10838637566236951348397354877306,
    },
        // (y,x)=(0,7)
        {
             1.00000000000000000000000000000000,    -0.98078528040323043057924223830923,     0.92387953251128651643853118002880,    -0.83146961230254512464910021662945,     0.70710678118654657353658876672853,    -0.55557023301960151151490663323784,     0.38268343236508955973462775546068,    -0.19509032201612858115069570885680,
             0.98078528040323043057924223830923,    -0.96193976625564336924156805253006,     0.90612744635288755556956630243803,    -0.81549315684891698907676982344128,     0.69351992266107276297049111235538,    -0.54489510677581798336888141420786,     0.37533027751786501857722555541841,    -0.19134171618254519620094811216404,
             0.92387953251128673848313610506011,    -0.90612744635288777761417122746934,     0.85355339059327350881289930839557,    -0.76817775671141619309167936080485,     0.65328148243818739970834030827973,    -0.51327996715933610349935634076246,     0.35355339059327356432405053965340,    -0.18023995550173727009379831542901,
             0.83146961230254523567140267914510,    -0.81549315684891710009907228595694,     0.76817775671141608206937689828919,    -0.69134171618254480762288949335925,     0.58793780120967853441982242657105,    -0.46193976625564275861890450869396,     0.31818964514320829950477786951524,    -0.16221167441072914527921966509894,
             0.70710678118654757273731092936941,    -0.69351992266107376217121327499626,     0.65328148243818817686445754588931,    -0.58793780120967931157593966418062,     0.49999999999999938937733645616390,    -0.39284747919355061940294149280817,     0.27059805007309833957407363413949,    -0.13794968964147172330036994480906,
             0.55557023301960228867102387084742,    -0.54489510677581864950269618930179,     0.51327996715933665861086865334073,    -0.46193976625564336924156805253006,     0.39284747919355061940294149280817,    -0.30865828381745474828790065657813,     0.21260752369181401544295795247308,    -0.10838637566236980491751751287666,
             0.38268343236508983729038391174981,    -0.37533027751786529613298171170754,     0.35355339059327373085750423342688,    -0.31818964514320852154938279454655,     0.27059805007309817304061994036601,    -0.21260752369181387666507987432851,     0.14644660940672618587576891968638,    -0.07465783405034273623179785772663,
             0.19509032201612833135051516819658,    -0.19134171618254494640076757150382,     0.18023995550173699253804215913988,    -0.16221167441072889547903912443871,     0.13794968964147136247788694163319,    -0.10838637566236951348397354877306,     0.07465783405034258357613197176761,    -0.03806023374435669320847708263500,
    },
    },
    {
        // (y,x)=(1,0)
        {
             1.00000000000000000000000000000000,     0.98078528040323043057924223830923,     0.92387953251128673848313610506011,     0.83146961230254523567140267914510,     0.70710678118654757273731092936941,     0.55557023301960228867102387084742,     0.38268343236508983729038391174981,     0.19509032201612833135051516819658,
             0.83146961230254523567140267914510,     0.81549315684891710009907228595694,     0.76817775671141630411398182332050,     0.69134171618254491864519195587491,     0.58793780120967942259824212669628,     0.46193976625564342475271928378788,     0.31818964514320852154938279454655,     0.16221167441072892323461474006763,
             0.38268343236508983729038391174981,     0.37533027751786529613298171170754,     0.35355339059327384187980669594253,     0.31818964514320852154938279454655,     0.27059805007309856161867855917080,     0.21260752369181418197641164624656,     0.14644660940672629689807138220203,     0.07465783405034263908728320302544,
            -0.19509032201612819257263709005201,    -0.19134171618254480762288949335925,    -0.18023995550173690927131531225314,    -0.16221167441072881221231227755197,    -0.13794968964147147350018940414884,    -0.10838637566236958287291258784535,    -0.07465783405034258357613197176761,    -0.03806023374435661688064413965549,
            -0.70710678118654746171500846685376,    -0.69351992266107365114891081248061,    -0.65328148243818817686445754588931,    -0.58793780120967931157593966418062,    -0.50000000000000000000000000000000,    -0.39284747919355111900330257412861,    -0.27059805007309850610752732791298,    -0.13794968964147152901134063540667,
            -0.98078528040323043057924223830923,    -0.96193976625564336924156805253006,    -0.90612744635288777761417122746934,    -0.81549315684891710009907228595694,    -0.69351992266107376217121327499626,    -0.54489510677581864950269618930179,    -0.37533027751786529613298171170754,    -0.19134171618254494640076757150382,
            -0.92387953251128684950543856757577,    -0.90612744635288788863647368998500,    -0.85355339059327384187980669594253,    -0.76817775671141641513628428583615,    -0.65328148243818839890906247092062,    -0.51327996715933688065547357837204,    -0.35355339059327384187980669594253,    -0.18023995550173704804919339039770,
            -0.55557023301960217764872140833177,    -0.54489510677581853848039372678613,    -0.51327996715933665861086865334073,    -0.46193976625564331373041682127223,    -0.39284747919355106349215134287078,    -0.30865828381745513686595927538292,    -0.21260752369181412646526041498873,    -0.10838637566236963838406381910318,
    },
        // (y,x)=(1,1)
        {
             1.00000000000000000000000000000000,     0.83146961230254523567140267914510,     0.38268343236508983729038391174981,    -0.19509032201612819257263709005201,    -0.70710678118654746171500846685376,    -0.98078528040323043057924223830923,    -0.92387953251128684950543856757577,    -0.55557023301960217764872140833177,
             0.83146961230254523567140267914510,     0.69134171618254491864519195587491,     0.31818964514320852154938279454655,    -0.16221167441072881221231227755197,    -0.58793780120967931157593966418062,    -0.81549315684891710009907228595694,    -0.76817775671141641513628428583615,    -0.46193976625564331373041682127223,
             0.38268343236508983729038391174981,     0.31818964514320852154938279454655,     0.14644660940672629689807138220203,    -0.07465783405034258357613197176761,    -0.27059805007309850610752732791298,    -0.37533027751786529613298171170754,    -0.35355339059327384187980669594253,    -0.21260752369181412646526041498873,
            -0.19509032201612819257263709005201,    -0.16221167441072881221231227755197,    -0.07465783405034258357613197176761,     0.03806023374435658912506852402657,     0.13794968964147144574461378851993,     0.19134171618254480762288949335925,     0.18023995550173693702689092788205,     0.10838637566236956899512478003089,
            -0.70710678118654746171500846685376,    -0.58793780120967931157593966418062,    -0.27059805007309850610752732791298,     0.13794968964147144574461378851993,     0.49999999999999988897769753748435,     0.69351992266107365114891081248061,     0.65328148243818828788676000840496,     0.39284747919355100798100011161296,
            -0.98078528040323043057924223830923,    -0.81549315684891710009907228595694,    -0.37533027751786529613298171170754,     0.19134171618254480762288949335925,     0.69351992266107365114891081248061,     0.96193976625564336924156805253006,     0.90612744635288788863647368998500,     0.54489510677581853848039372678613,
            -0.92387953251128684950543856757577,    -0.76817775671141641513628428583615,    -0.35355339059327384187980669594253,     0.18023995550173693702689092788205,     0.65328148243818828788676000840496,     0.90612744635288788863647368998500,     0.85355339059327395290210915845819,     0.51327996715933676963317111585638,
            -0.55557023301960217764872140833177,    -0.46193976625564331373041682127223,    -0.21260752369181412646526041498873,     0.10838637566236956899512478003089,     0.39284747919355100798100011161296,     0.54489510677581853848039372678613,     0.51327996715933676963317111585638,     0.30865828381745508135480804412509,
    },
        // (y,x)=(1,2)
        {
             1.00000000000000000000000000000000,     0.55557023301960228867102387084742,    -0.38268343236508972626808144923416,    -0.98078528040323043057924223830923,    -0.70710678118654768375961339188507,     0.19509032201612830359493955256767,     0.92387953251128651643853118002880,     0.83146961230254545771600760417641,
             0.83146961230254523567140267914510,     0.46193976625564342475271928378788,    -0.31818964514320846603823156328872,    -0.81549315684891710009907228595694,    -0.58793780120967953362054458921193,     0.16221167441072889547903912443871,     0.76817775671141608206937689828919,     0.69134171618254502966749441839056,
             0.38268343236508983729038391174981,     0.21260752369181418197641164624656,    -0.14644660940672624138692015094421,    -0.37533027751786529613298171170754,    -0.27059805007309861712982979042863,     0.07465783405034263908728320302544,     0.35355339059327373085750423342688,     0.31818964514320863257168525706220,
            -0.19509032201612819257263709005201,    -0.10838637566236958287291258784535,     0.07465783405034256969834416395315,     0.19134171618254480762288949335925,     0.13794968964147147350018940414884,    -0.03806023374435661688064413965549,    -0.18023995550173685376016408099531,    -0.16221167441072886772346350880980,
            -0.70710678118654746171500846685376,    -0.39284747919355111900330257412861,     0.27059805007309845059637609665515,     0.69351992266107365114891081248061,     0.50000000000000011102230246251565,    -0.13794968964147152901134063540667,    -0.65328148243818806584215508337365,    -0.58793780120967942259824212669628,
            -0.98078528040323043057924223830923,    -0.54489510677581864950269618930179,     0.37533027751786518511067924919189,     0.96193976625564336924156805253006,     0.69351992266107387319351573751192,    -0.19134171618254491864519195587491,    -0.90612744635288755556956630243803,    -0.81549315684891732214367721098824,
            -0.92387953251128684950543856757577,    -0.51327996715933688065547357837204,     0.35355339059327373085750423342688,     0.90612744635288788863647368998500,     0.65328148243818850993136493343627,    -0.18023995550173702029361777476879,    -0.85355339059327361983520177091123,    -0.76817775671141663718088921086746,
            -0.55557023301960217764872140833177,    -0.30865828381745513686595927538292,     0.21260752369181407095410918373091,     0.54489510677581853848039372678613,     0.39284747919355111900330257412861,    -0.10838637566236962450627601128872,    -0.51327996715933654758856619082508,    -0.46193976625564348026387051504571,
    },
        // (y,x)=(1,3)
        {
             1.00000000000000000000000000000000,     0.19509032201612833135051516819658,    -0.92387953251128673848313610506011,    -0.55557023301960217764872140833177,     0.70710678118654735069270600433811,     0.83146961230254545771600760417641,    -0.38268343236508989280153514300764,    -0.98078528040323065262384716334054,
             0.83146961230254523567140267914510,     0.16221167441072892323461474006763,    -0.76817775671141630411398182332050,    -0.46193976625564331373041682127223,     0.58793780120967920055363720166497,     0.69134171618254502966749441839056,    -0.31818964514320857706053402580437,    -0.81549315684891732214367721098824,
             0.38268343236508983729038391174981,     0.07465783405034263908728320302544,    -0.35355339059327384187980669594253,    -0.21260752369181412646526041498873,     0.27059805007309845059637609665515,     0.31818964514320863257168525706220,    -0.14644660940672629689807138220203,    -0.37533027751786540715528417422320,
            -0.19509032201612819257263709005201,    -0.03806023374435661688064413965549,     0.18023995550173690927131531225314,     0.10838637566236956899512478003089,    -0.13794968964147141798903817289101,    -0.16221167441072886772346350880980,     0.07465783405034259745391977958207,     0.19134171618254486313404072461708,
            -0.70710678118654746171500846685376,    -0.13794968964147152901134063540667,     0.65328148243818817686445754588931,     0.39284747919355100798100011161296,    -0.49999999999999983346654630622652,    -0.58793780120967942259824212669628,     0.27059805007309856161867855917080,     0.69351992266107376217121327499626,
            -0.98078528040323043057924223830923,    -0.19134171618254494640076757150382,     0.90612744635288777761417122746934,     0.54489510677581853848039372678613,    -0.69351992266107354012660834996495,    -0.81549315684891732214367721098824,     0.37533027751786535164413294296537,     0.96193976625564359128617297756136,
            -0.92387953251128684950543856757577,    -0.18023995550173704804919339039770,     0.85355339059327384187980669594253,     0.51327996715933676963317111585638,    -0.65328148243818817686445754588931,    -0.76817775671141663718088921086746,     0.35355339059327389739095792720036,     0.90612744635288811068107861501630,
            -0.55557023301960217764872140833177,    -0.10838637566236963838406381910318,     0.51327996715933665861086865334073,     0.30865828381745508135480804412509,    -0.39284747919355095246984888035513,    -0.46193976625564348026387051504571,     0.21260752369181415422083603061765,     0.54489510677581876052499865181744,
    },
        // (y,x)=(1,4)
        {
             1.00000000000000000000000000000000,    -0.19509032201612819257263709005201,    -0.92387953251128684950543856757577,     0.55557023301960184458181402078480,     0.70710678118654768375961339188507,    -0.83146961230254512464910021662945,    -0.38268343236509055893534991810156,     0.98078528040323043057924223830923,
             0.83146961230254523567140267914510,    -0.16221167441072881221231227755197,    -0.76817775671141641513628428583615,     0.46193976625564303617466066498309,     0.58793780120967953362054458921193,    -0.69134171618254480762288949335925,    -0.31818964514320913217204633838264,     0.81549315684891710009907228595694,
             0.38268343236508983729038391174981,    -0.07465783405034258357613197176761,    -0.35355339059327384187980669594253,     0.21260752369181401544295795247308,     0.27059805007309861712982979042863,    -0.31818964514320852154938279454655,    -0.14644660940672657445382753849117,     0.37533027751786529613298171170754,
            -0.19509032201612819257263709005201,     0.03806023374435658912506852402657,     0.18023995550173693702689092788205,    -0.10838637566236949960618574095861,    -0.13794968964147147350018940414884,     0.16221167441072878445673666192306,     0.07465783405034273623179785772663,    -0.19134171618254480762288949335925,
            -0.70710678118654746171500846685376,     0.13794968964147144574461378851993,     0.65328148243818828788676000840496,    -0.39284747919355078593639518658165,    -0.50000000000000011102230246251565,     0.58793780120967920055363720166497,     0.27059805007309900570788840923342,    -0.69351992266107365114891081248061,
            -0.98078528040323043057924223830923,     0.19134171618254480762288949335925,     0.90612744635288788863647368998500,    -0.54489510677581831643578880175482,    -0.69351992266107387319351573751192,     0.81549315684891698907676982344128,     0.37533027751786601777794771805929,    -0.96193976625564336924156805253006,
            -0.92387953251128684950543856757577,     0.18023995550173693702689092788205,     0.85355339059327395290210915845819,    -0.51327996715933643656626372830942,    -0.65328148243818850993136493343627,     0.76817775671141630411398182332050,     0.35355339059327450801362147103646,    -0.90612744635288788863647368998500,
            -0.55557023301960217764872140833177,     0.10838637566236956899512478003089,     0.51327996715933676963317111585638,    -0.30865828381745485931020311909379,    -0.39284747919355111900330257412861,     0.46193976625564325821926559001440,     0.21260752369181454279889464942244,    -0.54489510677581853848039372678613,
    },
        // (y,x)=(1,5)
        {
             1.00000000000000000000000000000000,    -0.55557023301960195560411648330046,    -0.38268343236509033689074499307026,     0.98078528040323043057924223830923,    -0.70710678118654668455889122924418,    -0.19509032201612802603918339627853,     0.92387953251128673848313610506011,    -0.83146961230254501362679775411380,
             0.83146961230254523567140267914510,    -0.46193976625564314719696312749875,    -0.31818964514320896563859264460916,     0.81549315684891710009907228595694,    -0.58793780120967864544212488908670,    -0.16221167441072867343443419940741,     0.76817775671141630411398182332050,    -0.69134171618254469660058703084360,
             0.38268343236508983729038391174981,    -0.21260752369181404319853356810199,    -0.14644660940672649118710069160443,     0.37533027751786529613298171170754,    -0.27059805007309822855177117162384,    -0.07465783405034252806498074050978,     0.35355339059327384187980669594253,    -0.31818964514320846603823156328872,
            -0.19509032201612819257263709005201,     0.10838637566236952736176135658752,     0.07465783405034268072064662646881,    -0.19134171618254480762288949335925,     0.13794968964147127921116009474645,     0.03806023374435656136949290839766,    -0.18023995550173690927131531225314,     0.16221167441072875670116104629415,
            -0.70710678118654746171500846685376,     0.39284747919355084144754641783948,     0.27059805007309889468558594671777,    -0.69351992266107365114891081248061,     0.49999999999999938937733645616390,     0.13794968964147133472231132600427,    -0.65328148243818817686445754588931,     0.58793780120967920055363720166497,
            -0.98078528040323043057924223830923,     0.54489510677581842745809126427048,     0.37533027751786579573334279302799,    -0.96193976625564336924156805253006,     0.69351992266107287399279357487103,     0.19134171618254464108943579958577,    -0.90612744635288777761417122746934,     0.81549315684891687805446736092563,
            -0.92387953251128684950543856757577,     0.51327996715933654758856619082508,     0.35355339059327434148016777726298,    -0.90612744635288788863647368998500,     0.65328148243818751073064277079538,     0.18023995550173677049343723410857,    -0.85355339059327384187980669594253,     0.76817775671141619309167936080485,
            -0.55557023301960217764872140833177,     0.30865828381745491482135435035161,     0.21260752369181440402101657127787,    -0.54489510677581853848039372678613,     0.39284747919355056389179026155034,     0.10838637566236947185061012532969,    -0.51327996715933665861086865334073,     0.46193976625564320270811435875657,
    },
        // (y,x)=(1,6)
        {
             1.00000000000000000000000000000000,    -0.83146961230254534669370514166076,     0.38268343236509000382383760552329,     0.19509032201612877543972501825920,    -0.70710678118654712864810107930680,     0.98078528040323065262384716334054,    -0.92387953251128640541622871751315,     0.55557023301960151151490663323784,
             0.83146961230254523567140267914510,    -0.69134171618254502966749441839056,     0.31818964514320868808283648832003,     0.16221167441072931181267335887242,    -0.58793780120967897850903227663366,     0.81549315684891732214367721098824,    -0.76817775671141608206937689828919,     0.46193976625564275861890450869396,
             0.38268343236508983729038391174981,    -0.31818964514320857706053402580437,     0.14644660940672635240922261345986,     0.07465783405034281949852470461337,    -0.27059805007309839508522486539732,     0.37533027751786540715528417422320,    -0.35355339059327367534635300216905,     0.21260752369181387666507987432851,
            -0.19509032201612819257263709005201,     0.16221167441072883996788789318089,    -0.07465783405034262520949539521098,    -0.03806023374435670708626489044946,     0.13794968964147136247788694163319,    -0.19134171618254486313404072461708,     0.18023995550173685376016408099531,    -0.10838637566236943021724670188632,
            -0.70710678118654746171500846685376,     0.58793780120967942259824212669628,    -0.27059805007309861712982979042863,    -0.13794968964147186207824802295363,     0.49999999999999966693309261245304,    -0.69351992266107376217121327499626,     0.65328148243818795481985262085800,    -0.39284747919355056389179026155034,
            -0.98078528040323043057924223830923,     0.81549315684891721112137474847259,    -0.37533027751786546266643540548102,    -0.19134171618254539048997742156644,     0.69351992266107331808200342493365,    -0.96193976625564359128617297756136,     0.90612744635288744454726383992238,    -0.54489510677581798336888141420786,
            -0.92387953251128684950543856757577,     0.76817775671141652615858674835181,    -0.35355339059327400841326038971602,    -0.18023995550173746438282762483141,     0.65328148243818795481985262085800,    -0.90612744635288811068107861501630,     0.85355339059327350881289930839557,    -0.51327996715933610349935634076246,
